¹215,

1111, 20. 467 ,,,-ι. 2 11111.1 41. 4147 64155.
1111445.. 6141431110 4111 11111111144194 (14.19..6.419
. 1119411 vnn-71⁸9
1186644417 7174115 61419 ,61996119
,11,1811-1164111 767 ¹ .
· ·’.1,1141,17,4,154.,611,48...459 61* 1111. 17. 789. - ,
, 7,-1-1911111171-11 1111--771-64161 =
' 1111141614, 4,.19. 1114444, 6111...;111549’1
’ [111111. 1477, 1111, 17. 4.,187,
11111116 491, 61119 49 1111164147. .
11111449.. 113911 1v 13 4.,191 ’
1111.111.4,141,,1.47,4,157,,1141..111. 3. 4.1ο9.,114,11 4,.94

11114111-1111-11-11-107- 1111 1 7203
,1111143491 ’ ’ 111,15.4,,,191684,169,611,14

111111111116411611111 7-111-1611-81---1117
117191- ,, 1111141
’1111111 111444,111 7119111116 11,111111.’1.11516.4,19. ,6111166 Ἴ

1155 ,1)ῐ’75·.,1
11111111.1,4,,491,,11,,.194171, 1111Η184145.

, 11,14.4,.1976111,19.4,7ς, 111646464851614161.
Lucas, 11. 14. 4147. 1111, 9. 41191.
1117, 4187, 111, 1, 441.
111. 24. 4,119,,6 1158495. 1111. 10. 4141, 6111111. 4-1-
x11. 4. 4119, (1111111119, 491, 61114, 4144.
1111194115, 11114499461118 41131
11111.15,4,144.,6υ,44.4,1ο7 111.17.4,,41
1111111499· = = Ε1111111, 14,,6.44
1111111, 11,4.;οι.,61,44. 4144. 1119. 4184.
1111111111.174.65.,171,41,4,7ς. ., 111 ...445
1111475, 11. 12 489, 61115 4161
“· 11149475, ¹ Ρ111111111 117 477 6141876191,
1-11- 411- &mm-53
1141111111.1645764119, 11916111. 24. 494.
1114441111. 11. 11. 41117.. 6 1115. 4..71 46
ν,8,4144.,611,11,4,119. 4.,187 64..191 ·
1164411. 111..,,,54119 61Μ9410461149
111, 43. 775. 1111111111 111. 8. 9. 4165.
111114, 4164. 11, Τ1110111. 111. 78. 7114
1111115. 461. 71707111. 8. 45,
xx. 24. 4164, 61117, 4114114 ., 111. 4, 4,61,97
11174115..64184114.1111111116464.
1111111, 4199, 111. 11, 489.
11111144, 4111, Δ 111,14,4..41
6114411144, 44991 x 1 455.
11164155, 1111 114147 611...15447
v. 15. 4155. 1Ρ1111111, 11, 4145.
1111419, 6 1141, 445. 1. 1011111111, 111445.
1111. 44184167.,6111414154 1111. 41119,

 

